<<<<<<< HEAD
Date,Number of New Positive Cases in Last 24 Hrs,Total Number of Positive Cases to Date,Number of New Tests in Last 24 Hrs,Total Number of Tests to Date,Total Number of Active Cases Undergoing Treatment to Date,Number of New Recovered Cases in Last 24 Hrs,Total Number of Recovered Cases to Date,Number of New Deaths in Last 24 Hrs,Total Number of Deaths to Date,Total Number of People Tested,Total Number of Positive Cases,Number of Active​ Cases Under Treatment,Number of New Cases in the Last 24 Hours,Currently under acute  Hospital care,Currently in ICU,Recovered Patients,Deaths
2020-03-03,1.0,8.0,0,0.0,8.0,0,0.0,0,0.0,,,,,,,,
2020-03-04,0.0,8.0,0,0.0,8.0,0,0.0,0,0.0,,,,,,,,
2020-03-05,0.0,8.0,0,0.0,8.0,0,0.0,0,0.0,,,,,,,,
2020-03-06,3.0,11.0,0,0.0,11.0,0,0.0,0,0.0,,,,,,,,
2020-03-07,1.0,12.0,0,0.0,12.0,0,0.0,0,0.0,,,,,,,,
2020-03-08,3.0,15.0,0,0.0,15.0,0,0.0,0,0.0,,,,,,,,
2020-03-09,3.0,18.0,0,0.0,18.0,0,0.0,0,0.0,,,,,,,,
2020-03-10,6.0,24.0,0,0.0,24.0,0,0.0,0,0.0,,,,,,,,
2020-03-11,238.0,262.0,0,0.0,262.0,0,0.0,0,0.0,,,,,,,,
2020-03-12,58.0,320.0,0,5309.0,320.0,0,0.0,0,0.0,,,,,,,,
2020-03-13,0.0,320.0,0,5309.0,320.0,0,0.0,0,0.0,,,,,,,,
2020-03-14,17.0,337.0,1479,6788.0,337.0,0,0.0,0,0.0,,,,,,,,
2020-03-15,64.0,401.0,1162,7950.0,397.0,4,4.0,0,0.0,,,,,,,,
2020-03-16,38.0,439.0,425,8375.0,435.0,0,4.0,0,0.0,,,,,,,,
2020-03-17,3.0,442.0,172,8547.0,438.0,0,4.0,0,0.0,,,,,,,,
2020-03-18,10.0,452.0,326,8873.0,448.0,0,4.0,0,0.0,,,,,,,,
2020-03-19,8.0,460.0,587,9460.0,450.0,6,10.0,0,0.0,,,,,,,,
2020-03-20,10.0,470.0,456,9916.0,460.0,0,10.0,0,0.0,,,,,,,,
2020-03-21,11.0,481.0,442,10358.0,454.0,17,27.0,0,0.0,,,,,,,,
2020-03-22,13.0,494.0,499,10857.0,461.0,6,33.0,0,0.0,,,,,,,,
2020-03-23,7.0,501.0,497,11354.0,464.0,4,37.0,0,0.0,,,,,,,,
2020-03-24,25.0,526.0,177,11531.0,485.0,4,41.0,0,0.0,,,,,,,,
2020-03-25,11.0,537.0,727,12258.0,496.0,0,41.0,0,0.0,,,,,,,,
2020-03-26,12.0,549.0,1423,13681.0,506.0,2,43.0,0,0.0,,,,,,,,
2020-03-27,13.0,562.0,1164,14845.0,519.0,0,43.0,0,0.0,,,,,,,,
2020-03-28,28.0,590.0,1737,16582.0,544.0,2,45.0,1,1.0,,,,,,,,
2020-03-29,44.0,634.0,2295,18877.0,585.0,3,48.0,0,1.0,,,,,,,,
2020-03-30,59.0,693.0,1181,20058.0,641.0,3,51.0,0,1.0,,,,,,,,
2020-03-31,88.0,781.0,2291,22349.0,717.0,11,62.0,1,2.0,,,,,,,,
2020-04-01,54.0,835.0,2476,24825.0,762.0,9,71.0,0,2.0,,,,,,,,
2020-04-02,114.0,949.0,1435,26260.0,874.0,1,72.0,1,3.0,,,,,,,,
2020-04-03,126.0,1075.0,2153,28413.0,979.0,21,93.0,0,3.0,,,,,,,,
2020-04-04,250.0,1325.0,3538,31951.0,1213.0,16,109.0,0,3.0,,,,,,,,
2020-04-05,279.0,1604.0,3806,35757.0,1477.0,14,123.0,1,4.0,,,,,,,,
2020-04-06,228.0,1832.0,2351,38108.0,1697.0,8,131.0,0,4.0,,,,,,,,
2020-04-07,225.0,2057.0,3710,41818.0,1901.0,19,150.0,2,6.0,,,,,,,,
2020-04-08,153.0,2210.0,3710,41818.0,2026.0,28,178.0,0,6.0,,,,,,,,
2020-04-09,166.0,2376.0,1326,43144.0,2164.0,28,206.0,0,6.0,,,,,,,,
2020-04-10,136.0,2512.0,2195,45339.0,2279.0,21,227.0,0,6.0,,,,,,,,
2020-04-11,216.0,2728.0,2412,47751.0,2475.0,20,247.0,0,6.0,,,,,,,,
2020-04-12,251.0,2979.0,1351,49102.0,2697.0,28,275.0,1,7.0,,,,,,,,
2020-04-13,252.0,3231.0,1726,50828.0,2890.0,59,334.0,0,7.0,,,,,,,,
2020-04-14,197.0,3428.0,1794,52622.0,3048.0,39,373.0,0,7.0,,,,,,,,
2020-04-15,283.0,3711.0,1862,54484.0,3298.0,33,406.0,0,7.0,,,,,,,,
2020-04-16,392.0,4103.0,1897,56381.0,3681.0,9,415.0,0,7.0,,,,,,,,
2020-04-17,560.0,4663.0,1947,58328.0,4192.0,49,464.0,0,7.0,,,,,,,,
2020-04-18,345.0,5008.0,1811,60139.0,4490.0,46,510.0,1,8.0,,,,,,,,
2020-04-19,440.0,5448.0,2399,62538.0,4922.0,8,518.0,0,8.0,,,,,,,,
2020-04-20,567.0,6015.0,2082,64620.0,5451.0,37,555.0,1,9.0,,,,,,,,
2020-04-21,518.0,6533.0,2105,66725.0,5910.0,59,614.0,0,9.0,,,,,,,,
2020-04-22,608.0,7141.0,3287,70012.0,6442.0,75,689.0,1,10.0,,,,,,,,
2020-04-23,623.0,7764.0,3445,73457.0,7004.0,61,750.0,0,10.0,,,,,,,,
2020-04-24,761.0,8525.0,2431,75888.0,7706.0,59,809.0,0,10.0,,,,,,,,
2020-04-25,833.0,9358.0,3817,79705.0,8419.0,120,929.0,0,10.0,,,,,,,,
2020-04-26,929.0,10287.0,2584,82289.0,9265.0,83,1012.0,0,10.0,,,,,,,,
2020-04-27,957.0,11244.0,3420,85709.0,10168.0,54,1066.0,0,10.0,,,,,,,,
2020-04-28,677.0,11921.0,2898,88607.0,10777.0,68,1134.0,0,10.0,,,,,,,,
2020-04-29,643.0,12564.0,2808,91415.0,11311.0,109,1243.0,0,10.0,,,,,,,,
2020-04-30,845.0,13409.0,3085,94500.0,12027.0,129,1372.0,0,10.0,,,,,,,,
2020-05-01,687.0,14096.0,3226,97726.0,12648.0,64,1436.0,2,12.0,,,,,,,,
2020-05-02,776.0,14872.0,4002,101728.0,13326.0,98,1534.0,0,12.0,,,,,,,,
2020-05-03,679.0,15551.0,2707,104435.0,13875.0,130,1664.0,0,12.0,,,,,,,,
2020-05-04,640.0,16190.0,2360,106795.0,14369.0,146,1810.0,0,12.0,,,,,,,,
2020-05-05,951.0,17142.0,2967,109762.0,15206.0,114,1924.0,0,12.0,,,,,,,,
2020-05-06,830.0,17972.0,3201,112963.0,15890.0,146,2070.0,0,12.0,,,,,,,,
2020-05-07,918.0,18890.0,3532,116495.0,16592.0,216,2286.0,0,12.0,,,,,,,,
2020-05-08,1311.0,20201.0,3963,120458.0,17819.0,84,2370.0,0,12.0,,,,,,,,
2020-05-09,1130.0,21331.0,4096,124554.0,18819.0,129,2499.0,1,13.0,,,,,,,,
2020-05-10,1189.0,22520.0,3215,127769.0,19753.0,254,2753.0,1,14.0,,,,,,,,
2020-05-11,1103.0,23623.0,3275,131044.0,20769.0,87,2840.0,0,14.0,,,,,,,,
2020-05-12,1526.0,25149.0,4250,135294.0,22116.0,179,3019.0,0,14.0,,,,,,,,
2020-05-13,1390.0,26539.0,3833,139127.0,23382.0,124,3143.0,0,14.0,,,,,,,,
2020-05-14,1733.0,28272.0,4811,143938.0,24902.0,213,3356.0,0,14.0,,,,,,,,
2020-05-15,1153.0,29425.0,4235,148173.0,25865.0,190,3546.0,0,14.0,,,,,,,,
2020-05-16,1547.0,30972.0,4531,152704.0,27169.0,242,3788.0,1,15.0,,,,,,,,
2020-05-17,,,,,,,,,,157570,32604,28219,1632,1421,165,4370,15
||||||| merged common ancestors
Date,Number of New Positive Cases in Last 24 Hrs,Total Number of Positive Cases to Date,Number of New Tests in Last 24 Hrs,Total Number of Tests to Date,Total Number of Active Cases Undergoing Treatment to Date,Number of New Recovered Cases in Last 24 Hrs,Total Number of Recovered Cases to Date,Number of New Deaths in Last 24 Hrs,Total Number of Deaths to Date
2020-03-03,1,8,0,0,8,0,0,0,0
2020-03-04,0,8,0,0,8,0,0,0,0
2020-03-05,0,8,0,0,8,0,0,0,0
2020-03-06,3,11,0,0,11,0,0,0,0
2020-03-07,1,12,0,0,12,0,0,0,0
2020-03-08,3,15,0,0,15,0,0,0,0
2020-03-09,3,18,0,0,18,0,0,0,0
2020-03-10,6,24,0,0,24,0,0,0,0
2020-03-11,238,262,0,0,262,0,0,0,0
2020-03-12,58,320,0,5309,320,0,0,0,0
2020-03-13,0,320,0,5309,320,0,0,0,0
2020-03-14,17,337,1479,6788,337,0,0,0,0
2020-03-15,64,401,1162,7950,397,4,4,0,0
2020-03-16,38,439,425,8375,435,0,4,0,0
2020-03-17,3,442,172,8547,438,0,4,0,0
2020-03-18,10,452,326,8873,448,0,4,0,0
2020-03-19,8,460,587,9460,450,6,10,0,0
2020-03-20,10,470,456,9916,460,0,10,0,0
2020-03-21,11,481,442,10358,454,17,27,0,0
2020-03-22,13,494,499,10857,461,6,33,0,0
2020-03-23,7,501,497,11354,464,4,37,0,0
2020-03-24,25,526,177,11531,485,4,41,0,0
2020-03-25,11,537,727,12258,496,0,41,0,0
2020-03-26,12,549,1423,13681,506,2,43,0,0
2020-03-27,13,562,1164,14845,519,0,43,0,0
2020-03-28,28,590,1737,16582,544,2,45,1,1
2020-03-29,44,634,2295,18877,585,3,48,0,1
2020-03-30,59,693,1181,20058,641,3,51,0,1
2020-03-31,88,781,2291,22349,717,11,62,1,2
2020-04-01,54,835,2476,24825,762,9,71,0,2
2020-04-02,114,949,1435,26260,874,1,72,1,3
2020-04-03,126,1075,2153,28413,979,21,93,0,3
2020-04-04,250,1325,3538,31951,1213,16,109,0,3
2020-04-05,279,1604,3806,35757,1477,14,123,1,4
2020-04-06,228,1832,2351,38108,1697,8,131,0,4
2020-04-07,225,2057,3710,41818,1901,19,150,2,6
2020-04-08,153,2210,3710,41818,2026,28,178,0,6
2020-04-09,166,2376,1326,43144,2164,28,206,0,6
2020-04-10,136,2512,2195,45339,2279,21,227,0,6
2020-04-11,216,2728,2412,47751,2475,20,247,0,6
2020-04-12,251,2979,1351,49102,2697,28,275,1,7
2020-04-13,252,3231,1726,50828,2890,59,334,0,7
2020-04-14,197,3428,1794,52622,3048,39,373,0,7
2020-04-15,283,3711,1862,54484,3298,33,406,0,7
2020-04-16,392,4103,1897,56381,3681,9,415,0,7
2020-04-17,560,4663,1947,58328,4192,49,464,0,7
2020-04-18,345,5008,1811,60139,4490,46,510,1,8
2020-04-19,440,5448,2399,62538,4922,8,518,0,8
2020-04-20,567,6015,2082,64620,5451,37,555,1,9
2020-04-21,518,6533,2105,66725,5910,59,614,0,9
2020-04-22,608,7141,3287,70012,6442,75,689,1,10
2020-04-23,623,7764,3445,73457,7004,61,750,0,10
2020-04-24,761,8525,2431,75888,7706,59,809,0,10
2020-04-25,833,9358,3817,79705,8419,120,929,0,10
2020-04-26,929,10287,2584,82289,9265,83,1012,0,10
2020-04-27,957,11244,3420,85709,10168,54,1066,0,10
2020-04-28,677,11921,2898,88607,10777,68,1134,0,10
2020-04-29,643,12564,2808,91415,11311,109,1243,0,10
2020-04-30,845,13409,3085,94500,12027,129,1372,0,10
2020-05-01,687,14096,3226,97726,12648,64,1436,2,12
2020-05-02,776,14872,4002,101728,13326,98,1534,0,12
2020-05-03,679,15551,2707,104435,13875,130,1664,0,12
2020-05-04,640,16190,2360,106795,14369,146,1810,0,12
2020-05-05,951,17142,2967,109762,15206,114,1924,0,12
2020-05-06,830,17972,3201,112963,15890,146,2070,0,12
2020-05-07,918,18890,3532,116495,16592,216,2286,0,12
2020-05-08,1311,20201,3963,120458,17819,84,2370,0,12
2020-05-09,1130,21331,4096,124554,18819,129,2499,1,13
2020-05-10,1189,22520,3215,127769,19753,254,2753,1,14
2020-05-11,1103,23623,3275,131044,20769,87,2840,0,14
2020-05-12,1526,25149,4250,135294,22116,179,3019,0,14
2020-05-13,1390,26539,3833,139127,23382,124,3143,0,14
2020-05-14,1733,28272,4811,143938,24902,213,3356,0,14
2020-05-15,1153,29425,4235,148173,25865,190,3546,0,14
2020-05-16,1547,30972,4531,152704,27169,242,3788,1,15
=======
Date,Number of New Positive Cases in Last 24 Hrs,Total Number of Positive Cases to Date,Number of New Tests in Last 24 Hrs,Total Number of Tests to Date,Total Number of Active Cases Undergoing Treatment to Date,Number of New Recovered Cases in Last 24 Hrs,Total Number of Recovered Cases to Date,Number of New Deaths in Last 24 Hrs,Total Number of Deaths to Date
2020-03-03,1,8,0,0,8,0,0,0,0
2020-03-04,0,8,0,0,8,0,0,0,0
2020-03-05,0,8,0,0,8,0,0,0,0
2020-03-06,3,11,0,0,11,0,0,0,0
2020-03-07,1,12,0,0,12,0,0,0,0
2020-03-08,3,15,0,0,15,0,0,0,0
2020-03-09,3,18,0,0,18,0,0,0,0
2020-03-10,6,24,0,0,24,0,0,0,0
2020-03-11,238,262,0,0,262,0,0,0,0
2020-03-12,58,320,0,5309,320,0,0,0,0
2020-03-13,0,320,0,5309,320,0,0,0,0
2020-03-14,17,337,1479,6788,337,0,0,0,0
2020-03-15,64,401,1162,7950,397,4,4,0,0
2020-03-16,38,439,425,8375,435,0,4,0,0
2020-03-17,3,442,172,8547,438,0,4,0,0
2020-03-18,10,452,326,8873,448,0,4,0,0
2020-03-19,8,460,587,9460,450,6,10,0,0
2020-03-20,10,470,456,9916,460,0,10,0,0
2020-03-21,11,481,442,10358,454,17,27,0,0
2020-03-22,13,494,499,10857,461,6,33,0,0
2020-03-23,7,501,497,11354,464,4,37,0,0
2020-03-24,25,526,177,11531,485,4,41,0,0
2020-03-25,11,537,727,12258,496,0,41,0,0
2020-03-26,12,549,1423,13681,506,2,43,0,0
2020-03-27,13,562,1164,14845,519,0,43,0,0
2020-03-28,28,590,1737,16582,544,2,45,1,1
2020-03-29,44,634,2295,18877,585,3,48,0,1
2020-03-30,59,693,1181,20058,641,3,51,0,1
2020-03-31,88,781,2291,22349,717,11,62,1,2
2020-04-01,54,835,2476,24825,762,9,71,0,2
2020-04-02,114,949,1435,26260,874,1,72,1,3
2020-04-03,126,1075,2153,28413,979,21,93,0,3
2020-04-04,250,1325,3538,31951,1213,16,109,0,3
2020-04-05,279,1604,3806,35757,1477,14,123,1,4
2020-04-06,228,1832,2351,38108,1697,8,131,0,4
2020-04-07,225,2057,3710,41818,1901,19,150,2,6
2020-04-08,153,2210,3710,41818,2026,28,178,0,6
2020-04-09,166,2376,1326,43144,2164,28,206,0,6
2020-04-10,136,2512,2195,45339,2279,21,227,0,6
2020-04-11,216,2728,2412,47751,2475,20,247,0,6
2020-04-12,251,2979,1351,49102,2697,28,275,1,7
2020-04-13,252,3231,1726,50828,2890,59,334,0,7
2020-04-14,197,3428,1794,52622,3048,39,373,0,7
2020-04-15,283,3711,1862,54484,3298,33,406,0,7
2020-04-16,392,4103,1897,56381,3681,9,415,0,7
2020-04-17,560,4663,1947,58328,4192,49,464,0,7
2020-04-18,345,5008,1811,60139,4490,46,510,1,8
2020-04-19,440,5448,2399,62538,4922,8,518,0,8
2020-04-20,567,6015,2082,64620,5451,37,555,1,9
2020-04-21,518,6533,2105,66725,5910,59,614,0,9
2020-04-22,608,7141,3287,70012,6442,75,689,1,10
2020-04-23,623,7764,3445,73457,7004,61,750,0,10
2020-04-24,761,8525,2431,75888,7706,59,809,0,10
2020-04-25,833,9358,3817,79705,8419,120,929,0,10
2020-04-26,929,10287,2584,82289,9265,83,1012,0,10
2020-04-27,957,11244,3420,85709,10168,54,1066,0,10
2020-04-28,677,11921,2898,88607,10777,68,1134,0,10
2020-04-29,643,12564,2808,91415,11311,109,1243,0,10
2020-04-30,845,13409,3085,94500,12027,129,1372,0,10
2020-05-01,687,14096,3226,97726,12648,64,1436,2,12
2020-05-02,776,14872,4002,101728,13326,98,1534,0,12
2020-05-03,679,15551,2707,104435,13875,130,1664,0,12
2020-05-04,640,16190,2360,106795,14369,146,1810,0,12
2020-05-05,951,17142,2967,109762,15206,114,1924,0,12
2020-05-06,830,17972,3201,112963,15890,146,2070,0,12
2020-05-07,918,18890,3532,116495,16592,216,2286,0,12
2020-05-08,1311,20201,3963,120458,17819,84,2370,0,12
2020-05-09,1130,21331,4096,124554,18819,129,2499,1,13
2020-05-10,1189,22520,3215,127769,19753,254,2753,1,14
2020-05-11,1103,23623,3275,131044,20769,87,2840,0,14
2020-05-12,1526,25149,4250,135294,22116,179,3019,0,14
2020-05-13,1390,26539,3833,139127,23382,124,3143,0,14
2020-05-14,1733,28272,4811,143938,24902,213,3356,0,14
2020-05-15,1153,29425,4235,148173,25865,190,3546,0,14
2020-05-16,1547,30972,4531,152704,27169,242,3788,1,15
2020-05-17,1632,32604,4866,157570,28219,582,4370,0,15
2020-05-18,1365,33969,4125,161695,29055,529,4899,0,15
2020-05-19,1637,35606,4487,166182,29957,735,5634,0,15
2020-05-20,1492,37097,4255,170437,30481,966,6600,1,16
>>>>>>> 6435f5358f46d15fe651cc1ed2b6660d2b72fee7
